Deterministic_CK	Deterministic_TR	Stochastic_CK	Stochastic_TR	HeS_CK	HeS_TR	HoS_CK	HoS_TR	DL_CK	DL_TR	DR_CK	DR_TR	HD_CK	HD_TR
0.343682222	0.370740477	0.656317778	0.629259524	0.108072222	0.117271429	0.23561	0.253469048	0.142588889	0.090330952	0.415981111	0.452559524	0.097747778	0.086369048
0.363303333	0.377506944	0.636696666	0.622493056	0.11119	0.1153	0.252113333	0.262206944	0.137754444	0.124593056	0.407733333	0.415455556	0.091208889	0.082444444
0.368615909	0.392143333	0.63138409	0.607856667	0.10464697	0.12135125	0.263968939	0.270792083	0.141167424	0.159997083	0.356763636	0.332611667	0.13345303	0.115247917
0.408953205	0.386273077	0.591046795	0.613726923	0.115228205	0.114671795	0.293725	0.271601282	0.138111538	0.150648077	0.347641026	0.351996154	0.105294231	0.111082692
0.342914407	0.288528618	0.657085593	0.711471382	0.002870051	0.005652481	0.340044356	0.282876137	0.197396973	0.259997956	0.449297684	0.438522442	0.010390935	0.012950984
0.793267538	0.897533431	0.206732462	0.102466569	0.006035523	0.004140488	0.787232015	0.893392944	0.023102792	0.002291427	0.100286066	0.054369544	0.083343603	0.045805598
0.596372222	0.544959722	0.403627778	0.455040278	0.058040278	0.059740278	0.538331944	0.485219444	0.065890278	0.066693056	0.160066667	0.212291667	0.177670833	0.176055556
0.519043056	0.467175	0.480956944	0.532825	0.056415278	0.071093056	0.462627778	0.396081944	0.072608333	0.107026389	0.262966667	0.279263889	0.145381944	0.146534722
0.470856944	0.458086111	0.529143056	0.541913889	0.094206944	0.073875	0.37665	0.384211111	0.113576389	0.1154	0.320033333	0.365554167	0.095533333	0.060959722
0.420319643	0.459184722	0.579680357	0.540815278	0.0946625	0.093683333	0.325657143	0.365501389	0.136971429	0.113718056	0.360353571	0.350056944	0.082355357	0.077040278
0.29245	0.3567	0.70755	0.6433	0.29245	0.3148	0	0.0419	0.447383333	0.5219	0.259983333	0.1214	0.000183333	0
0.383383333	0.3567	0.616616667	0.6433	0.321	3.15E-01	0.062383333	0.0419	0.371116667	0.5219	0.245466667	0.1214	3.33E-05	0
0.159958227	0.17940246	0.840041773	0.82059754	0.030708541	0.024476888	0.129249686	0.154925571	0.222951331	0.408430495	0.593822632	0.400755217	0.023267809	0.011411829
0.189284964	0.184288126	0.810715036	0.815711874	0.01553416	0.012549536	0.173750804	0.171738591	0.090555969	0.348268923	0.674378029	0.428905509	0.045781038	0.038537441
0.455116433	0.484867406	0.544883567	0.515132594	0.278483802	0.432760352	0.176632631	0.052107055	0.436653689	0.350192218	0.105095619	0.164940376	0.003134259	0
0.741668503	0.59771297	0.258331497	0.40228703	0.600381988	0.49479664	0.141286515	0.10291633	0.080401087	0.338720341	0.17793041	0.063566689	0	0
0.328443099	0.271869249	0.671556901	0.728130751	0.026875706	0.034483454	0.301567393	0.237385795	0.194895884	0.262924132	0.409769169	0.439811945	0.066891848	0.025394673
0.328443099	0.223006457	0.671556901	0.776993543	0.026875706	0.029992736	0.301567393	0.193013721	0.194895884	0.274937046	0.409769169	0.415517353	0.066891848	0.086539144
0.328443099	0.294531073	0.671556901	0.705468927	0.026875706	0.026517353	0.301567393	0.268013721	0.194895884	0.11511703	0.409769169	0.512814366	0.066891848	0.07753753
0.466040027	0.442065002	0.533959973	0.557934998	0.129496842	0.074642779	0.336543185	0.367422223	0.313093409	0.320757856	0.190183515	0.205054232	0.03068305	0.03212291
0.481218228	0.4711514	0.518781772	0.5288486	8.43E-02	0.048063288	0.39694328	0.423088113	0.299694781	0.242808538	0.190485772	0.237525566	0.028601219	0.048514496
0.416530781	0.485830485	0.583469219	0.514169515	0.064264112	0.096441028	0.352266669	0.389389457	0.250529604	0.250513054	0.270138011	0.187281146	0.062801604	0.076375315
0.575146667	0.615058333	0.424853333	0.384941667	0.545596667	0.575858333	0.02955	0.0392	0.258433333	0.243058333	0.105156667	0.084483333	0.061263333	0.0574
0.131170371	0.172112728	0.868829629	0.827887272	0.032286727	0.044789304	0.098883643	0.127323424	0.141431988	0.060478085	0.270586113	0.318157548	0.456811528	0.449251639
0.148981569	0.172639467	0.851018431	0.827360533	0.045415	0.042141178	0.103566569	0.130498289	0.119601699	0.076878118	0.299323795	0.37363522	0.432092937	0.376847194
0.150800932	0.183237125	0.849199068	0.816762875	0.034360698	0.024354719	0.116440234	0.158882406	0.035529625	0.047772441	0.349292871	0.295890199	0.464376572	0.473100235
0.162512885	0.186241908	0.837487115	0.813758092	0.047379706	0.040464066	0.115133179	0.145777842	0.122457016	0.084281326	0.334667876	0.349998969	0.380362223	0.379477797
0.131130169	0.19231126	0.868869831	0.80768874	0.042139117	0.041218612	0.088991053	0.151092648	0.11713087	0.23279182	0.344795489	0.20669711	0.406943471	0.36819981
0.133603059	0.154604585	0.866396941	0.845395415	0.04155053	0.041025852	0.09205253	0.113578733	0.080307591	0.05238321	0.363637488	0.390201212	0.422451862	0.402810992
0.18100235	0.168216303	0.81899765	0.831783697	0.033581413	0.028395456	0.147420938	0.139820847	0.160223478	0.065021853	0.154935472	0.34278749	0.5038387	0.423974354
0.138772523	0.16852142	0.861227477	0.83147858	0.037782955	0.030432318	0.100989568	0.138089102	0.031264174	0.128891271	0.357784604	0.316482497	0.4721787	0.386104812
0.514770684	0.530410813	0.485229316	0.469589187	0.263184935	0.244086786	0.251585749	0.286324026	0.343193629	0.376321458	0.123352501	0.054004387	0.018683186	0.039263343
0.077674134	0.427460957	0.922325866	0.572539043	0.077674134	9.66E-02	0	0.330907121	0.846642169	0.244423245	0.075683697	0.319306056	0	0.008809743
0.374495327	0.382786916	0.625504673	0.617213084	0.002364486	0.005233645	0.372130841	0.377553271	0.123570093	0.11715514	0.242119626	0.237575701	0.259814953	0.262482243
0.296128972	0.33482243	0.703871028	0.66517757	0.008457944	0.006904673	0.287671028	0.327917757	0.197785047	0.122308411	0.196598131	0.272390654	0.30948785	0.270478505
0.395231776	0.34182243	0.604768224	0.65817757	0.008106542	0.006213084	0.387125234	0.335609346	0.0486	0.148031776	0.321820561	0.249848598	0.234347664	0.260297196
0.440551402	0.428725234	0.559448598	0.571274766	0.003093458	0.00486729	0.437457944	0.423857944	0.034547664	0.01151215	0.290214953	0.271665421	0.234685981	0.288097196
0.334616822	0.34055514	0.665383178	0.65944486	0.003048598	0.008839252	0.331568224	0.331715888	0.023500935	0.024500935	0.380485981	0.451241121	0.261396262	0.183702804
0.339805607	0.371605607	0.660194393	0.628394393	0.001153271	0.0012	0.338652336	0.370405607	0.037158879	0.00211028	0.451370093	0.413940187	0.171665421	0.212343925
0.21128631	0.118341094	0.78871369	0.881658906	0.032486944	0.002211931	0.178799366	0.116129163	0.140889059	0.221561842	0.622850757	0.623894035	0.024973874	0.03620303
0.15856034	0.156553983	0.84143966	0.843446017	0.012692336	0.007753665	0.145868004	0.148800318	0.375642637	0.379275022	0.349682569	0.415785537	0.116114454	0.048385459
0.1400098	0.097880681	0.8599902	0.902119319	0.121977214	0	0.018032586	0.097880681	0.469227	0.630001225	0.385348524	0.238037486	0.005414676	0.034080608
0.6852	0.47999	0.3148	0.52001	0.3811	0.40369	0.3041	0.0763	0.0965	0.40798	0.2071	0.08643	0.0112	0.0256
0.377610504	0.422295169	0.622389496	0.577704831	0.200801781	0.177689739	0.176808723	0.244605429	0.415886581	0.35896391	0.141396419	0.144169638	0.065106495	0.074571283
0.381977273	0.401599242	0.618022727	0.598400758	0.108231061	0.131903788	0.273746212	0.269695455	0.581040152	0.552664394	0.036982576	0.045736364	0	0
0.381977273	0.415224242	0.618022727	0.584775758	0.108231061	0.105249242	0.273746212	0.309975	0.581040152	0.520601515	0.036982576	0.064174242	0	0
0.381977273	0.439170455	0.618022727	0.560829545	0.108231061	0.114595455	0.273746212	0.324575	0.581040152	0.50382197	0.036982576	0.057007576	0	0
0.390587879	0.354989394	0.609412121	0.645010606	0.084866667	0.101934848	0.305721212	0.253054545	0.552591667	0.59339697	5.68E-02	0.051613636	0	0
0.390587879	0.35257197	0.609412121	0.64742803	0.084866667	0.09220303	0.305721212	0.260368939	0.552591667	0.59175	5.68E-02	0.05567803	0	0
0.390587879	0.373677273	0.609412121	0.626322727	0.084866667	0.083890152	0.305721212	0.289787121	0.552591667	0.573802273	0.056820455	0.052520455	0	0
0.608283636	0.598768182	0.391716364	0.401231818	0.060279091	0.064873485	0.548004545	0.533894697	0.310549091	0.322231818	0.081167273	0.079	0	0
0.608283636	0.610013636	0.391716364	0.389986364	0.060279091	0.077869091	0.548004545	0.532144545	0.310549091	0.325984545	0.081167273	0.064001818	0	0
0.608283636	0.593947727	0.391716364	0.406052273	0.060279091	0.0608	0.548004545	0.533147727	0.310549091	0.324095455	0.081167273	0.081956818	0	0
0.667899242	0.702002727	0.332100758	0.297997273	0.083798485	0.070944545	0.584100758	0.631058182	0.253295455	0.237024545	7.88E-02	6.10E-02	0	0
0.667899242	0.616244444	0.332100758	0.383755556	0.083798485	0.043972222	0.584100758	0.572272222	0.253295455	0.318958333	7.88E-02	6.48E-02	0	0
0.331916667	0.299866667	0.668083333	0.700133333	0.307891667	0.25465	0.024025	0.045216667	0.249741667	0.106416667	0.381383333	0.541083333	0.036958333	0.052633333
0.300525	0.336208333	0.699475	0.663791667	0.275166667	0.286016667	0.025358333	0.050191667	0.189091667	0.068933333	0.477083333	0.545691667	0.0333	0.049166667
0.2904	0.335983333	0.7096	0.664016667	0.240183333	0.278266667	0.050216667	0.057716667	0.098825	0.104383333	0.566941667	0.515516667	0.043833333	0.044116667
0.297866667	0.2773	0.702133333	0.7227	0.266083333	0.215891667	0.031783333	0.061408333	0.157641667	0.173541667	0.476975	0.457841667	0.067516667	0.091316667
0.298608333	0.261208333	0.701391667	0.738791667	0.274308333	0.242575	0.0243	0.018633333	0.1292	0.08005	0.523166667	0.599983333	0.049025	0.058758333
0.275775	0.272908333	0.724225	0.727091667	0.265691667	0.236016667	0.010083333	0.036891667	0.140608333	0.115416667	0.527333333	0.512358333	0.056283333	0.099316667
0.313158333	0.298683333	0.686841667	0.701316667	0.208591667	0.225608333	0.104566667	0.073075	0.184658333	0.184791667	0.332616667	0.426766667	0.169566667	0.089758333
0.280825	0.27295	0.719175	0.72705	0.1761	0.1678	0.104725	0.10515	0.195008333	0.170616667	0.363841667	3.68E-01	0.160325	0.188566667
0.264816667	0.271983333	0.735183333	0.728016667	0.170391667	0.172416667	0.094425	0.099566667	0.129008333	0.118216667	0.405366667	4.38E-01	0.200808333	0.171641667
0.287191667	0.293125	0.712808333	0.706875	0.265658333	0.238333333	0.021533333	0.054791667	0.170191667	0.137775	0.511141667	0.517516667	0.031475	0.051583333
0.2823	0.274033333	0.7177	0.725966667	0.258991667	0.238125	0.023308333	0.035908333	0.122266667	0.091933333	0.572425	0.597891667	0.023008333	0.036141667
0.2972	0.30905	0.7028	0.69095	0.263125	0.270783333	0.034075	0.038266667	0.121875	0.060691667	0.527391667	5.74E-01	0.053533333	0.055858333
0.331231038	0.356104539	0.668768962	0.643895461	0.014782433	0.01282365	0.316448606	0.34328089	0.338662256	0.321526869	0.297541456	0.273590721	0.032565249	0.048777871
0.2782765	0.248534355	0.7217235	0.751465645	0.007827728	0.011172282	0.270448772	0.237362072	0.258227355	0.269237683	0.420941	0.447368592	0.042555145	0.034859371
0.72575	0.70875	0.27425	0.29125	0.24975	0.1627	0.476	0.54605	0.23285	0.24415	0.0414	0.0471	0	0
0.5731	0.598080357	0.4269	0.401919643	0.092495238	0.100526786	0.480604762	0.497553571	0.359357143	0.33845	0.067542857	0.063469643	0	0
0.5731	0.589523214	0.4269	0.410476786	0.092495238	0.061621429	0.480604762	0.527901786	0.359357143	0.35395	0.067542857	0.056526786	0	0
0.598805357	0.613583929	0.401194643	0.386416071	0.092653571	0.144405357	0.506151786	0.469178571	0.337421429	0.33015	0.063773214	0.056266071	0	0
0.598805357	0.619842857	0.401194643	0.380157143	0.092653571	0.134	0.506151786	0.485842857	0.337421429	0.312092857	0.063773214	0.068064286	0	0
0.64005	0.687275	0.35995	0.312725	0.125239286	0.104496429	0.514810714	0.582778571	0.297003571	0.239782143	0.062946429	0.072942857	0	0
0.64005	0.5599625	0.35995	0.4400375	0.125239286	0.097833929	0.514810714	0.462128571	0.297003571	0.368810714	0.062946429	0.071226786	0	0
0.6174375	0.61685	0.3825625	0.38315	0.176830357	0.130501786	0.440607143	0.486348214	0.292841071	0.301425	0.089721429	0.081725	0	0
0.6174375	0.627276786	0.3825625	0.372723214	0.176830357	0.142725	0.440607143	0.484551786	0.292841071	0.290939286	0.089721429	0.081783929	0	0
0.4968625	0.549576786	0.5031375	0.450423214	0.109316071	0.106851786	0.387546429	0.442725	0.438330357	0.388923214	0.064807143	0.0615	0	0
0.4968625	0.55745	0.5031375	0.44255	0.109316071	0.114975	0.387546429	0.442475	0.438330357	0.3917	0.064807143	0.05085	0	0
0.506917857	0.53051	0.493082143	0.46949	0.121755357	0.1158	0.3851625	0.41471	0.432208929	0.406406667	0.060873214	0.063083333	0	0
0.506917857	0.580039286	0.493082143	0.419960714	0.121755357	0.123685714	0.3851625	0.456353571	0.432208929	0.351467857	0.060873214	0.068492857	0	0
0.65827381	0.669085714	0.34172619	0.330914286	0.125197619	0.063128571	0.53307619	0.605957143	0.26257381	0.252564286	0.079152381	0.07835	0	0
0.65827381	0.637103571	0.34172619	0.362896429	0.125197619	0.088135714	0.53307619	0.548967857	0.26257381	0.296655357	0.079152381	0.066241071	0	0
0.803733929	0.780269643	0.196266071	0.219730357	0.087478571	0.088623214	0.716255357	0.691646429	0.144051786	0.163339286	0.052214286	0.056391071	0	0
0.803733929	0.732942857	0.196266071	0.267057143	0.087478571	0.105585714	0.716255357	0.627357143	0.144051786	0.210448214	0.052214286	0.056608929	0	0
0.574117857	0.584407143	0.425882143	0.415592857	0.088369643	0.057105357	0.485748214	0.527301786	0.377428571	0.3666	0.048453571	0.048992857	0	0
0.574117857	0.571358929	0.425882143	0.428641071	0.088369643	0.076960714	0.485748214	0.494398214	0.377428571	0.371878571	0.048453571	0.0567625	0	0
0.670357143	0.687141071	0.329642857	0.312858929	0.073225	0.072157143	0.597132143	0.614983929	0.280639286	0.272341071	0.049003571	0.040517857	0	0
0.670357143	0.682941071	0.329642857	0.317058929	0.073225	0.073926786	0.597132143	0.609014286	0.280639286	0.267032143	0.049003571	0.050026786	0	0
0.207155083	0.225422483	0.792844917	0.774577517	0.102673513	0.042236205	0.10448157	0.183186278	0.344742171	0	0.210144403	0.133555122	0.237958342	0.641022396
0.317350112	0.248173863	0.682649888	0.751826137	0.127877824	0.054482775	0.189472289	0.193691087	0.01084834	0.011933174	0.177418577	0.201212603	0.494382971	0.53868036
0.153877679	0.228466045	0.846122321	0.771533955	0.027048528	0.101118584	0.126829151	0.12734746	0.019430583	0	0.119030399	0.091415347	0.707661339	0.680118609
0.191678118	0.416793231	0.808321882	0.583206769	0.022673031	0.216291796	0.169005087	0.200501434	0.191364721	0.020828813	0.316349654	0.114004002	0.300607507	0.448373954
0.405681844	0.381531745	0.594318156	0.618468255	0.190393793	0.182529235	0.21528805	0.199002511	0.232161679	0.243172514	0.305127683	0.323451177	0.057028794	0.051844564
0.356010948	0.361358033	0.643989052	0.638641967	0.184338739	0.1755355	0.171672208	0.185822533	0.279704146	0.254669652	0.302212119	0.31908801	0.062072787	0.064884305
0.39564588	0.431627875	0.60435412	0.568372125	0.16505847	0.190518197	0.23058741	0.241109679	0.267820226	0.237065436	0.2524892	0.267851892	0.084044695	0.063454796
0.291399891	0.417932718	0.708600109	0.582067282	0.12626153	0.304901429	0.165138361	0.11303129	0.26779707	0.248480738	0.440450353	0.333586544	0.000352686	0
0.291399891	0.344076687	0.708600109	0.655923313	0.12626153	0.14120094	0.165138361	0.202875746	0.26779707	0.235603183	0.440450353	0.407632483	0.000352686	0.012687647
0.521902881	0.4960509	0.478097119	0.5039491	0.383769685	0.227377992	0.138133197	0.268672907	0.12856516	0.151723465	0.220832724	0.117168836	0.128699235	0.235056799
0.521902881	0.605467798	0.478097119	0.394532202	0.383769685	0.446711521	0.138133197	0.158756277	0.12856516	0.170640144	0.220832724	0.157549608	0.128699235	0.06634245
0.521902881	0.527838721	0.478097119	0.472161279	0.383769685	0.313344059	0.138133197	0.214494661	0.12856516	0.152978889	0.220832724	0.181268588	0.128699235	0.137913802
0.38707279	0.497318512	0.61292721	0.502681488	0.257374092	0.311150115	0.129698698	0.186168397	0.284335235	0.185693043	0.243332846	0.237201989	0.085259129	0.079786456
0.38707279	0.440227195	0.61292721	0.559772805	0.257374092	0.203208035	0.129698698	0.23701916	0.284335235	0.227987421	0.243332846	0.253559066	0.085259129	0.078226318
0.38707279	0.426539418	0.61292721	0.573460582	0.257374092	0.278009361	0.129698698	0.148530057	0.284335235	0.249585588	0.243332846	0.251864853	0.085259129	0.072010141
0.480900492	0.447966945	0.519099508	0.552033055	0.27062308	0.245027059	0.210277412	0.202939886	0.15228414	0.240529472	0.214665302	0.254863244	0.152150066	0.056640339
0.480900492	0.502328019	0.519099508	0.497671981	0.27062308	0.390046804	0.210277412	0.112281215	0.15228414	0.208022524	0.214665302	0.22344108	0.152150066	0.066208376
0.480900492	0.565306421	0.519099508	0.434693579	0.27062308	0.453719955	0.210277412	0.111586466	0.15228414	0.158098094	0.214665302	0.234374238	0.152150066	0.042221247
0.432524012	0.557895763	0.567475988	0.442104237	0.242077422	0.307335088	0.19044659	0.250560675	0.250804446	0.116461898	0.285310321	0.183864755	0.031361221	0.141777583
0.432524012	0.559906879	0.567475988	0.440093121	0.242077422	0.421529911	0.19044659	0.138376968	0.250804446	0.126517478	0.285310321	0.228877188	0.031361221	0.084698454
0.432524012	0.43803325	0.567475988	0.56196675	0.242077422	0.251706401	0.19044659	0.186326849	0.250804446	0.213568329	0.285310321	0.315635513	0.031361221	0.032762908
0.331504503	0.320774663	0.668495497	0.679225337	0.084580743	0.034557487	0.24692376	0.286217176	0.335320732	0.423083428	0.289758552	0.226859487	0.043416212	0.029282422
0.324485179	0.318163559	0.675514821	0.681836441	0.10974037	0.173654277	0.21474481	0.144509282	0.385967694	0.461552286	0.157311091	0.166465813	0.132236035	0.053818343
0.304674616	0.261205548	0.695325384	0.738794452	0.085363017	0.035984608	0.219311599	0.22522094	0.256363905	0.223910102	0.339580955	0.368038818	0.099380523	0.146845533
0.371083582	0.392169777	0.628916418	0.607830223	0.270155768	0.265691809	0.100927813	0.126477968	0.279091527	0.217654592	0.28615075	0.326862161	0.063674141	0.06331347
0.371083582	0.395679787	0.628916418	0.604320213	0.270155768	0.305603471	0.100927813	0.090076316	0.279091527	0.252697193	0.28615075	0.262518948	0.063674141	0.089104072
0.371083582	0.406967749	0.628916418	0.593032251	0.270155768	0.226969317	0.100927813	0.179998432	0.279091527	0.225926507	0.28615075	0.327034656	0.063674141	0.040071089
0.371083582	0.330871361	0.628916418	0.669128639	0.270155768	0.250355444	0.100927813	0.080515917	0.279091527	0.262620877	0.28615075	0.372152527	0.063674141	0.034355235
0.452263342	0.393100204	0.547736658	0.606899796	0.292007736	0.259863572	0.160255606	0.133236632	0.226349903	0.293013956	0.268323663	0.26312268	0.053063091	0.050763159
0.452263342	0.425696514	0.547736658	0.574303486	0.292007736	0.31438503	0.160255606	0.111311484	0.226349903	0.233356855	0.268323663	0.27241127	0.053063091	0.068535361
0.452263342	0.408635199	0.547736658	0.591364801	0.292007736	0.280691025	0.160255606	0.127944174	0.226349903	0.256541739	0.268323663	0.260726047	0.053063091	0.074097015
0.452263342	0.391427526	0.547736658	0.608572474	0.292007736	0.304730542	0.160255606	0.086696984	0.226349903	0.279297998	0.268323663	0.242661126	0.053063091	0.08661335
0.387367469	0.410344872	0.612632531	0.589655128	0.126468407	0.169055796	0.260899062	0.241289076	0.19571869	0.223094485	0.394188164	0.342573079	0.022725676	0.023987563
0.180012415	0.114119077	0.819987585	0.885880923	0.01813832	0.037355162	0.161874095	0.076763915	0	0.600025864	0.646764432	0.272348955	0.173223153	0.013506104
0.33585	0.195416667	0.66415	0.804583333	0.1399	0.112216667	0.19595	0.0832	0.5066	0.68475	0.14675	0.106833333	0.0108	0.013
0.46012	0.537183333	0.53988	0.462816667	0.26689	0.16262	0.19323	0.374563333	0.347686667	0.274193333	0.173333333	0.14929	0.01886	0.039333333
0.554963333	0.431596667	0.445036667	0.568403333	0.23592	0.156066667	0.319043333	0.27553	0.24774	0.43209	0.155053333	0.105416667	0.042243333	0.030896667
0.427853254	0.577056643	0.572146746	0.422943357	0.044775682	0.014278005	0.383077573	0.562778638	0.144140973	0.008810831	0.263157586	0.31507227	0.164848186	0.099060256
0.562579192	0.564121967	0.437420808	0.435878033	0.024819325	0.020449106	0.537759867	0.543672861	0.071624666	0.020050214	0.247858886	0.320697827	0.117937257	0.095129992
0.456151157	0.633734572	0.543848843	0.366265428	0.040229481	0.004540335	0.415921676	0.629194237	0.053662772	0.01386738	0.310831104	0.216387442	0.179354967	0.136010606
0.51383805	0.572522174	0.48616195	0.427477826	0.029529776	0.027112957	0.484308273	0.545409217	0.083362664	0.043461683	0.308079919	0.245664977	0.094719367	0.138351166
0.257561793	0.257882977	0.742438207	0.742117023	0.024060885	0.006870549	0.233500908	0.251012428	0.570995671	0.546906857	0.168509985	0.195210166	0.002932551	0
0.257561793	0.388646837	0.742438207	0.611353163	0.024060885	0.011618489	0.233500908	0.377028348	0.570995671	0.338695713	0.168509985	0.267518503	0.002932551	0.005138947
0.473654135	0.196752594	0.526345865	0.803247406	0.006435731	0.011321687	0.467218405	0.185430907	0.251197099	0.606656911	0.171297811	0.183336666	0.103850955	0.01325383
0.473654135	0.256909601	0.526345865	0.743090399	0.006435731	0.008829019	0.467218405	0.248080582	0.251197099	0.46165891	0.171297811	0.251885786	0.103850955	0.029545702
0.505072527	0.441350476	0.494927473	0.558649524	0.053938462	0.056424762	0.451134066	0.384925714	0.052474725	0.073773333	0.29437033	0.325441905	0.148082418	0.159434286
0.168392579	0.43643621	0.831607421	0.563563749	0	0	0.168392579	0.43643621	0.831607421	0	0	0.563469649	0	0.0000941
0.168392579	0.340375057	0.831607421	0.659624944	0	0.093029824	0.168392579	0.247345233	0.831607421	0.558932068	0	0.099657328	0	0.001035548
0.416180141	0.400618169	0.583819859	0.599381831	0.009002111	0.02622423	0.40717803	0.374393939	0.281575075	0.30067949	0.22797007	0.223935047	0.074274714	0.074767294
0.485066753	0.417063463	0.514933246	0.582936538	0.006254812	0.006126894	0.478811941	0.410936569	0.173638071	0.228746585	0.256390493	0.279021361	0.084904682	0.075168592
0.544440357	0.483835693	0.455559644	0.516164307	0.005739413	0.005284401	0.538700944	0.478551292	0.152141704	0.221255433	0.205448802	0.224395647	0.097969138	0.070513227
0.49088239	0.44739661	0.50911761	0.55260339	0.007719045	0.015969014	0.483163345	0.431427596	0.23902695	0.257384966	0.159830787	0.183634501	0.110259873	0.111583923
0.458042102	0.388412351	0.541957899	0.611587649	0.032181446	0.042618604	0.425860656	0.345793747	0.258706843	0.338664152	0.147705229	0.154756427	0.135545827	0.11816707
0.432356629	0.375028425	0.56764337	0.624971575	0.05614253	0.037336459	0.376214099	0.337691966	0.216956887	0.289333998	0.304273098	0.315011136	0.046413385	0.020626441
0.432356629	0.342762912	0.56764337	0.657237089	0.05614253	0.049925628	0.376214099	0.292837284	0.216956887	0.268494954	0.304273098	0.271046586	0.046413385	0.117695549
0.432356629	0.447824902	0.56764337	0.552175098	0.05614253	0.035362672	0.376214099	0.41246223	0.216956887	0.106557224	0.304273098	0.363179475	0.046413385	0.082438399
0.095485369	0.088497592	0.904514631	0.911502408	0.004345101	0	0.091140268	0.088497592	0.195565148	0.356412229	0.698549734	0.542760065	0.010399749	0.012330114
0.113216646	0.220556963	0.886783354	0.779443037	0.00981784	0.014606957	0.103398806	0.205950006	0.520237689	0.413400543	0.355038606	0.315590538	0.011507059	0.050451956
0.097363739	0.264072337	0.902636261	0.735927663	0.049086204	0	0.048277535	0.264072337	0.624052809	0.242942117	0.263724909	0.391237024	0.014858543	0.101748522
0.207669177	0.332635482	0.792330824	0.667364518	0.054204779	0.034658951	0.153464398	0.297976531	0.65205971	0.267085377	0.140271114	0.294340516	0	0.105938625
0.273542748	0.30691981	0.726457252	0.69308019	0.01902768	0.041790213	0.254515068	0.265129597	0.415718727	0.255536387	0.269020193	0.382850828	0.041718332	0.054692975
0.243011004	0.271988307	0.756988996	0.728011693	0.029776987	0.017617002	0.213234017	0.254371305	0.576200574	0.301855146	0.173732037	0.32676814	0.007056385	0.099388407
0.14845664	0.251367249	0.85154336	0.748632751	0.006325588	0.032565397	0.142131052	0.218801852	0.623280081	0.499520789	0.225364051	0.230365818	0.002899228	0.018746144
0.14566224	0.186497026	0.85433776	0.813502974	0.048124787	0.053426061	0.097537453	0.133070965	0.311783804	0.43400363	0.416817918	0.337373683	0.125736038	0.042125661
0.28538755	0.298724434	0.714612449	0.701275567	0.027662052	0.037335286	0.257725498	0.261389148	0.370368029	0.306783797	0.223349527	0.235972093	0.120894893	0.158519677
0.28538755	0.395020853	0.714612449	0.604979147	0.027662052	0.034366358	0.257725498	0.360654495	0.370368029	0.280325214	0.223349527	0.261566525	0.120894893	0.063087408
0.368292737	0.382289587	0.631707263	0.617710413	0.044451839	0.04330272	0.323840898	0.338986867	0.221437286	0.2670449	0.307910733	0.229230445	0.102359244	0.121435068
0.368292737	0.390094207	0.631707263	0.609905793	0.044451839	0.050461607	0.323840898	0.3396326	0.221437286	0.244293225	0.307910733	0.213327917	0.102359244	0.152284651
0.458774791	0.286061937	0.54122521	0.713938063	0.047090599	0.027493456	0.411684192	0.258568481	0.26761946	0.336802875	0.218615511	0.270930387	0.054990239	0.106204801
0.458774791	0.364023656	0.54122521	0.635976344	0.047090599	0.035311479	0.411684192	0.328712177	0.26761946	0.326347294	0.218615511	0.230570252	0.054990239	0.079058798
0.56451595	0.432457074	0.43548405	0.567542926	0.025804162	0.05846089	0.538711788	0.373996184	0.086715249	0.246667998	0.194643729	0.246756733	0.154125072	0.074118195
0.56451595	0.371258337	0.43548405	0.628741663	0.025804162	0.049725383	0.538711788	0.321532954	0.086715249	0.265698715	0.194643729	0.258706668	0.154125072	0.10433628
0.131062717	0.20365582	0.868937282	0.79634418	0.006315972	0.027365481	0.124746745	0.176290339	0.636085832	0.450714709	0.23285145	0.34150464	0	0.004124831
0.14650461	0.086434009	0.85349539	0.913565991	0.011965663	0.014480553	0.134538947	0.071953456	0.326584534	0.365149759	0.526639432	0.53885505	0.000271424	0.009561182
0.268502933	0.168606141	0.731497066	0.831393859	0	0.03130866	0.268502933	0.137297481	0.289670913	0.360846165	0.390239594	0.347387597	0.051586559	0.123160097
0.308303722	0.257447929	0.691696279	0.742552072	0.004467718	0.0024001	0.303836004	0.255047829	0.135683561	0.365629048	0.440309208	0.338251287	0.11570351	0.038671737
0.296479854	0.312664076	0.703520147	0.687335924	0.005070341	0.055697553	0.291409513	0.256966523	0.379098006	0.441933518	0.280129391	0.206626769	0.04429275	0.038775637
0.199545198	0.147685059	0.800454802	0.852314941	0.010070221	0.000533937	0.189474977	0.147151122	0.328700722	0.334986083	0.471579436	0.517133293	0.000174644	0.000195565
0.109335066	0.054548408	0.890664934	0.945451592	0.000860949	0.005533896	0.108474117	0.049014512	0.010493827	0.018464371	0.846599524	0.875855534	0.033571583	0.051131687
0.102864414	0.074604721	0.897135586	0.925395278	0.011046134	0.02191358	0.09181828	0.052691141	0.463645224	0.085872861	0.426001733	0.825963829	0.007488629	0.013558588
0.321741963	0.168715911	0.678258037	0.831284089	0	0.016005128	0.321741963	0.152710783	0.006620637	0.204724823	0.406528159	0.593808128	0.265109241	0.032751138
0.321741963	0.228900659	0.678258037	0.771099341	0	0.019614952	0.321741963	0.209285707	0.006620637	0.131230493	0.406528159	0.575322887	0.265109241	0.064545961
0.335524449	0.234628036	0.664475551	0.765371964	0	0	0.335524449	0.234628036	0.181132234	0.248226615	0.396455332	0.448316992	0.086887985	0.068828357
0.335524449	0.172520151	0.664475551	0.827479849	0	0.032924535	0.335524449	0.139595616	0.181132234	0.253376	0.396455332	0.438601469	0.086887985	0.13550238
0.251699822	0.30772828	0.748300178	0.692271719	0	0.023771241	0.251699822	0.283957039	0.084034806	0.232153178	0.433152579	0.442300619	0.231112793	0.017817922
0.251699822	0.273794887	0.748300178	0.726205114	0	0.037737634	0.251699822	0.236057253	0.084034806	0.380602583	0.433152579	0.300040985	0.231112793	0.045561546
