Deterministic_CK	Deterministic_TR	Stochastic_CK	Stochastic_TR	HeS_CK	HeS_TR	HoS_CK	HoS_TR	DL_CK	DL_TR	DR_CK	DR_TR	HD_CK	HD_TR
0.24607171	0.229324027	0.75392829	0.770675973	0.183534376	0.032935865	0.062537335	0.196388162	0.011919897	0.275276635	0.715879347	0.486131538	0.026129046	0.0092678
0.141138209	0.234188744	0.858861791	0.765811256	0.004338453	0.046102178	0.136799756	0.188086566	0.126167361	0.465865729	0.712197802	0.291453737	0.020496628	0.00849179
0.272924601	0.474665891	0.727075399	0.525334109	0.154033081	0.061802872	0.11889152	0.412863019	0.197930949	0.260763269	0.507401868	0.254504873	0.021742583	0.010065968
0.429184151	0.42125648	0.570815849	0.57874352	0.010920917	0.017978405	0.418263234	0.403278076	0.262524409	0.294708731	0.291656395	0.269931355	0.016635045	0.014103434
0.671491667	0.520454167	0.328508333	0.479545833	0.003848611	0.016025	0.667643056	0.504429167	0.083266667	0.104676389	0.225319444	0.371838889	0.019922222	0.003030556
0.514104762	0.461997619	0.485895238	0.538002381	0.00862619	0.003697619	0.505478571	0.4583	0.193792857	0.182142857	0.28957381	0.355314286	0.002528571	0.000545238
0.477919444	0.295617857	0.522080556	0.704382143	0.002641667	0.005860714	0.475277778	0.289757143	0.109070833	0.322835714	0.407498611	0.377219643	0.005511111	0.004326786
0.356638889	0.316035714	0.643361111	0.683964286	0.001580556	0.005553571	0.355058333	0.310482143	0.313761111	0.282191071	0.328818056	0.401535714	0.000781944	0.0002375
0.312696276	0.020572967	0.687303724	0.979427033	0.007466513	0	0.305229764	0.020572967	0.101230533	0.291466385	0.586073191	0.687960649	0	0
0.385631981	0.559165197	0.614368019	0.440834803	0.004832451	0.069982363	0.38079953	0.489182834	0.432157554	0.266725456	0.180117578	0.160258671	0.002092887	0.013850676
0.263738977	0.174920635	0.736261023	0.825079365	0.008630218	0.011017049	0.25510876	0.163903586	0.378859494	0.234250441	0.340952381	0.566972369	0.016449148	0.023856555
0.160924843	0.287013464	0.839075157	0.712986536	0.001218649	7.24E-05	0.159706194	0.286941062	0.572367585	0.447377928	0.25599166	0.263123288	0.010715911	0.00248532
0.160924843	0.320748137	0.839075157	0.679251863	0.001218649	0.002299512	0.159706194	0.318448625	0.572367585	0.446356908	0.25599166	0.231504535	0.010715911	0.00139042
0.160924843	0.224950648	0.839075157	0.775049352	0.001218649	0.004644091	0.159706194	0.220306557	0.572367585	0.556365936	0.25599166	0.213164956	0.010715911	0.00551846
0.830784796	0.463257518	0.169215204	0.536742482	0	0	0.830784796	0.463257518	0.140976384	0.036960197	0.027444803	0.482301112	0.000794017	0.017481174
0.625736386	0.507555965	0.374263614	0.492444035	0	0	0.625736386	0.507555965	0	0.072178679	0.289867322	0.311049639	0.084396291	0.109215716
0.667316667	0.5742	0.332683333	0.4258	0	0	0.667316667	0.5742	0.00155	0.122216667	0.256916667	0.2609	0.074216667	0.042683333
0.667316667	0.502816667	0.332683333	0.497183333	0	0	0.667316667	0.502816667	0.00155	0.14885	0.256916667	0.338133333	0.074216667	0.0102
0.3512	0.1777	0.6488	0.8223	0	0	0.3512	0.1777	0.17935	0.008366667	0.376766667	0.794883333	0.092683333	0.01905
0.3512	0.41495	0.6488	0.58505	0	0	0.3512	0.41495	0.17935	0.00225	0.376766667	0.543	0.092683333	0.0398
0.8838	0.455466667	0.1162	0.544533333	3.33E-05	0.00015	0.883766667	0.455316667	0.0035	0	0.105533333	0.407333333	0.007166667	0.1372
0.2953	0.741033333	0.7047	0.258966667	0	0	0.2953	0.741033333	0.27615	0.0016	0.4227	0.187783333	0.00585	0.069583333
0.7645	0.7552	0.2355	0.2448	0.000766667	0	0.763733333	0.7552	0.10455	0.1374	0.119783333	0.10175	0.011166667	0.00565
0.7645	0.5853	0.2355	0.4147	0.000766667	0	0.763733333	0.5853	0.10455	0.02145	0.119783333	0.38555	0.011166667	0.0077
0.8129	0.831116667	0.1871	0.168883333	0.001933333	0	0.810966667	0.831116667	0	0.0523	0.142783333	0.080966667	0.044316667	0.035616667
0.8129	0.078	0.1871	0.922	0.001933333	0	0.810966667	0.078	0	0.0104	0.142783333	0.903366667	0.044316667	0.008233333
0.691183333	0.1575	0.308816667	0.8425	0	0.0046	0.691183333	0.1529	0.20085	0.07635	0.090433333	0.7547	0.017533333	0.01145
0.691183333	0.442983333	0.308816667	0.557016667	0	0.0016	0.691183333	0.441383333	0.20085	0.1329	0.090433333	0.424116667	0.017533333	0
0.623766667	0.791433333	0.376233333	0.208566667	0	0	0.623766667	0.791433333	0.09375	0.039266667	0.236016667	0.154983333	0.046466667	0.014316667
0.623766667	0.147516667	0.376233333	0.852483333	0	0.00135	0.623766667	0.146166667	0.09375	0.056	0.236016667	0.636016667	0.046466667	0.160466667
0.09442381	0.079404762	0.90557619	0.920595238	0.022259524	0.014959524	0.072164286	0.064445238	0.421388095	0.480864286	0.46195	0.43292381	0.022238095	0.006807143
0.076097619	0.042940476	0.923902381	0.957059524	0.001047619	0.002702381	0.07505	0.040238095	0.374754762	0.475545238	0.524557143	0.473961905	0.024590476	0.007552381
0.052966667	0.094483333	0.947033333	0.905516667	0.003947619	7.33E-05	0.049019048	0.09441	0.408797619	0.385353333	0.51187381	0.48583	0.026361905	0.034333333
0.096808333	0.16495	0.903191667	0.83505	0	0.033956667	0.096808333	0.130993333	0.2844	0.247426667	0.592158333	0.576343333	0.026633333	0.01128
0.563799529	0.290677717	0.436200471	0.709322283	0.019394861	0.021037662	0.544404668	0.269640055	0.280240617	0.321384203	0.138428469	0.38793808	0.017531385	0
0.563799529	0.394648228	0.436200471	0.605351772	0.019394861	0.043595528	0.544404668	0.3510527	0.280240617	0.336586243	0.138428469	0.268765529	0.017531385	0
0.077228177	0.056527103	0.922771823	0.943472897	0.032757173	0.021230541	0.044471004	0.035296562	0.686033362	0.691718714	0.200626708	0.233457561	0.036111754	0.018296622
0.083160271	0.084668997	0.916839729	0.915331003	0.035284139	0.042168076	0.047876132	0.042500921	0.659359498	0.495646028	0.238118248	0.39713462	0.019361983	0.022550355
0	0.432597285	1	0.567402715	0	0.010292953	0	0.422304331	0.717574265	0.42739949	0.274266151	0.126829125	0.008159585	0.0131741
0.02937583	0.01189907	0.97062417	0.98810093	0.012182382	0.001704294	0.017193448	0.010194776	0.720903054	0.759486498	0.221956618	0.215369633	0.027764498	0.013244799
0.042514387	0.106339088	0.957485613	0.893660912	0	0.000664011	0.042514387	0.105675077	0.762532094	0.516684374	0.149672421	0.355263391	0.045281098	0.021713147
0.070753292	0.043622871	0.929246708	0.956377129	0.002227807	0.006976864	0.068525485	0.036646007	0.817480189	0.678732283	0.075582005	0.27043775	0.036184515	0.007207096
0.117400942	0.109616542	0.882599058	0.890383458	0.018694369	0.017571526	0.098706574	0.092045016	0.339657981	0.296934605	0.525035195	0.583654064	0.017905881	0.009794789
0.144374432	0.109714748	0.855625568	0.890285252	0.025595198	0.022235184	0.118779235	0.087479564	0.161847468	0.183237965	0.690939771	0.705701919	0.002838329	0.001345368
0.449047397	0.174959767	0.550952603	0.825040233	0	0.03052484	0.449047397	0.144434927	0	0.184706432	0.408399522	0.640333801	0.142553081	0
0.080258929	0.19917619	0.919741071	0.80082381	0.005451786	0.005883333	0.074807143	0.193292857	0.9192625	0.800580952	0.000478571	0.000242857	0	0
0.080258929	0.355402381	0.919741071	0.644597619	0.005451786	0.001397619	0.074807143	0.354004762	0.9192625	0.64397381	0.000478571	0.00062381	0	0
0.056248214	0.087803571	0.943751786	0.912196429	0.0003625	0.000244643	0.055885714	0.087558929	0.943732143	0.912076786	1.96E-05	0.000119643	0	0
0.056248214	0.235278571	0.943751786	0.764721429	0.0003625	0.001064286	0.055885714	0.234214286	0.943732143	0.764566071	1.96E-05	0.000155357	0	0
0.031796429	0.166807143	0.968203571	0.833192857	0.003348214	0.000689286	0.028448214	0.166117857	0.967053571	0.830683929	0.00115	0.002508929	0	0
0.031796429	0.1652	0.968203571	0.8348	0.003348214	0.005330357	0.028448214	0.159869643	0.967053571	0.833083929	0.00115	0.001716071	0	0
0.143998214	0.213196429	0.856001786	0.786803571	0.013282143	0.002996429	0.130716071	0.2102	0.854776786	0.785357143	0.001225	0.001446429	0	0
0.143998214	0.318853571	0.856001786	0.681146429	0.013282143	0.001392857	0.130716071	0.317460714	0.854776786	0.679916071	0.001225	0.001230357	0	0
0.405691071	0.545805357	0.594308929	0.454194643	0.000566071	0.0007125	0.405125	0.545092857	0.594264286	0.454171429	4.46E-05	2.32E-05	0	0
0.405691071	0.533180357	0.594308929	0.466819643	0.000566071	0.001266071	0.405125	0.531914286	0.594264286	0.466753571	4.46E-05	6.61E-05	0	0
0.2683375	0.253333929	0.7316625	0.746666071	0.003082143	0.002316071	0.265255357	0.251017857	0.731494643	0.746475	0.000167857	0.000191071	0	0
0.2683375	0.403983929	0.7316625	0.596016071	0.003082143	0.000846429	0.265255357	0.4031375	0.731494643	0.595576786	0.000167857	0.000439286	0	0
0.283921429	0.296653571	0.716078571	0.703346429	0.013778571	0.004042857	0.270142857	0.292610714	0.715514286	0.703073214	0.000564286	0.000273214	0	0
0.283921429	0.307217857	0.716078571	0.692782143	0.013778571	0.006923214	0.270142857	0.300294643	0.715514286	0.692142857	0.000564286	0.000639286	0	0
0.320289286	0.115373214	0.679710714	0.884626786	0.007116071	0.003369643	0.313173214	0.112003571	0.679016071	0.883780357	0.000694643	0.000846429	0	0
0.320289286	0.290991071	0.679710714	0.709008929	0.007116071	0.010928571	0.313173214	0.2800625	0.679016071	0.708716071	0.000694643	0.000292857	0	0
0.578398214	0.415603571	0.421601786	0.584396429	0.009776786	0.002353571	0.568621429	0.41325	0.421071429	0.583885714	0.000530357	0.000510714	0	0
0.578398214	0.342917857	0.421601786	0.657082143	0.009776786	0.003142857	0.568621429	0.339775	0.421071429	0.65705	0.000530357	3.21E-05	0	0
0.045875	0.445414286	0.954125	0.554585714	0.001221429	0.001276786	0.044653571	0.4441375	0.9539875	0.554491071	0.0001375	9.46E-05	0	0
0.045875	0.218880357	0.954125	0.781119643	0.001221429	0.001394643	0.044653571	0.217485714	0.9539875	0.780896429	0.0001375	0.000223214	0	0
0.329555357	0.365728571	0.670444643	0.634271429	0.006501786	0.006525	0.323053571	0.359203571	0.670039286	0.634078571	0.000405357	0.000192857	0	0
0.329555357	0.267314286	0.670444643	0.732685714	0.006501786	0.008732143	0.323053571	0.258582143	0.670039286	0.732592857	0.000405357	9.29E-05	0	0
0.215423214	0.167889286	0.784576786	0.832110714	0.003233929	0.003951786	0.212189286	0.1639375	0.784139286	0.831498214	0.0004375	0.0006125	0	0
0.215423214	0.125985714	0.784576786	0.874014286	0.003233929	0.005253571	0.212189286	0.120732143	0.784139286	0.873769643	0.0004375	0.000244643	0	0
0.297	0.4693	0.703	0.5307	0.053366667	0.02935	0.243633333	0.43995	0.4283	0.2224	0.25635	0.2941	0.01835	0.0142
0.297	0.35855	0.703	0.64145	0.053366667	0.17925	0.243633333	0.1793	0.4283	0.3958	0.25635	0.202	0.01835	0.04365
0.327583333	0.6733	0.672416667	0.3267	0.067866667	0.03885	0.259716667	0.63445	0.475	0.12195	0.154083333	0.1817	0.043333333	0.02305
0.327583333	0.53605	0.672416667	0.46395	0.067866667	0.13865	0.259716667	0.3974	0.475	0.312566667	0.154083333	0.117133333	0.043333333	0.03425
0.522083333	0.1864	0.477916667	0.8136	0.089066667	0.097	0.433016667	0.0894	0.278416667	0.63395	0.15685	0.1243	0.04265	0.05535
0.522083333	0.688466667	0.477916667	0.311533333	0.089066667	0.255933333	0.433016667	0.432533333	0.278416667	0.0939	0.15685	0.172216667	0.04265	0.045416667
0.353566667	0.37935	0.646433333	0.62065	0.090883333	0.0321	0.262683333	0.34725	0.371333333	0.4851	0.2582	0.0786	0.0169	0.05695
0.353566667	0.459416667	0.646433333	0.540583333	0.090883333	0.069433333	0.262683333	0.389983333	0.371333333	0.341	0.2582	0.168583333	0.0169	0.031
0.347466667	0.454833333	0.652533333	0.545166667	0.095816667	0.022533333	0.25165	0.4323	0.3909	0.400933333	0.222383333	0.108966667	0.03925	0.035266667
0.347466667	0.696716667	0.652533333	0.303283333	0.095816667	0.007366667	0.25165	0.68935	0.3909	0.2091	0.222383333	0.054	0.03925	0.040183333
0.395016667	0.272683333	0.604983333	0.727316667	0.131475	0.071683333	0.263541667	0.201	0.384116667	0.360208333	0.193091667	0.318033333	0.027775	0.049075
0.268808333	0.445183333	0.731191667	0.554816667	0.0277	0.040608333	0.241108333	0.404575	0.470158333	0.313825	0.230683333	0.218008333	0.03035	0.022983333
0.349325	0.586591667	0.650675	0.413408333	0.126658333	0.046325	0.222666667	0.540266667	0.383016667	0.264141667	0.2432	0.095216667	0.024458333	0.05405
0.4538	0.621733333	0.5462	0.378266667	0.157125	0.055791667	0.296675	0.565941667	0.326083333	0.225025	0.200158333	0.11005	0.019958333	0.043191667
0.31545	0.499775	0.68455	0.500225	0.16215	0.091166667	0.1533	0.408608333	0.451791667	0.263883333	0.210408333	0.186825	0.02235	0.049516667
0.348122885	0.134043447	0.651877115	0.865956553	0.00325424	0.004725114	0.344868645	0.129318334	0.131042434	0.282035948	0.511190492	0.580919592	0.009644189	0.003001013
0.348122885	0.170448913	0.651877115	0.829551087	0.00325424	0.005199241	0.344868645	0.165249671	0.131042434	0.288339691	0.511190492	0.540597185	0.009644189	0.000614211
0.348122885	0.189683412	0.651877115	0.810316588	0.00325424	0.034697528	0.344868645	0.154985884	0.131042434	0.313576216	0.511190492	0.482274089	0.009644189	0.014466283
0.348122885	0.125175104	0.651877115	0.874824896	0.00325424	0.008404991	0.344868645	0.116770113	0.131042434	0.311647378	0.511190492	0.562730329	0.009644189	0.000447189
0.138553048	0.148428913	0.861446952	0.851571087	0.002979462	0.000878214	0.135573587	0.147550699	0.236433482	0.284584384	0.623251654	0.565752893	0.001761815	0.00123381
0.138553048	0.140632745	0.861446952	0.859367255	0.002979462	0.005064546	0.135573587	0.135568199	0.236433482	0.196886921	0.623251654	0.662480334	0.001761815	0
0.138553048	0.122330338	0.861446952	0.877669662	0.002979462	0.016017974	0.135573587	0.106312364	0.236433482	0.248081938	0.623251654	0.629587724	0.001761815	0
0.138553048	0.137039072	0.861446952	0.862960928	0.002979462	0.012887653	0.135573587	0.124151419	0.236433482	0.286152238	0.623251654	0.576808689	0.001761815	0
0.12134239	0.181956266	0.87865761	0.818043734	0	0	0.12134239	0.181956266	0.350557418	0.242254894	0.528100192	0.57578884	0	0
0.12134239	0.210815923	0.87865761	0.789184077	0	0	0.12134239	0.210815923	0.350557418	0.14978649	0.528100192	0.639397587	0	0
0.000543546	0.033435831	0.999456454	0.966564169	0.000543546	0.032115791	0	0.00132004	0.194775749	0.196266617	0.791853025	0.755777115	0.01282768	0.014520437
0.133448254	0.160594484	0.866551746	0.839405516	0.035641073	0.15074854	0.097807181	0.009845944	0.254658964	0.345928066	0.599546528	0.465306249	0.012346254	0.028171201
0.130399433	0.033408087	0.869600567	0.966591913	0.033223129	0.017043134	0.097176304	0.016364953	0.605526399	0.590957082	0.235259211	0.358560871	0.028814957	0.01707396
0.130399433	0.089997611	0.869600567	0.910002389	0.033223129	0.007209519	0.097176304	0.082788092	0.605526399	0.561463945	0.235259211	0.332736072	0.028814957	0.015802372
0.130399433	0.105611171	0.869600567	0.894388829	0.033223129	0.017416904	0.097176304	0.088194268	0.605526399	0.536725776	0.235259211	0.337568107	0.028814957	0.020094945
0.351659615	0.03699936	0.648340385	0.96300064	0.025320016	0.00431184	0.326339599	0.032687521	0.427758383	0.555595373	0.199851263	0.384069698	0.020730739	0.023335568
0.351659615	0.07369431	0.648340385	0.92630569	0.025320016	0.00895121	0.326339599	0.064743101	0.427758383	0.576491804	0.199851263	0.324998651	0.020730739	0.024815234
0.351659615	0.318301621	0.648340385	0.681698379	0.025320016	0.007039974	0.326339599	0.311261647	0.427758383	0.423292411	0.199851263	0.222728289	0.020730739	0.035677679
0.037777726	0.018711612	0.962222274	0.981288388	0.030429489	0.002801347	0.007348238	0.015910264	0.707615657	0.617710525	0.236392081	0.338874375	0.018214536	0.024703489
0.037777726	0.051938594	0.962222274	0.948061406	0.030429489	0.007332825	0.007348238	0.044605769	0.707615657	0.414225603	0.236392081	0.472190754	0.018214536	0.06164505
0.037777726	0.070365061	0.962222274	0.929634939	0.030429489	0.011976048	0.007348238	0.058389013	0.707615657	0.495907798	0.236392081	0.387838223	0.018214536	0.045888917
0.058377454	0.06236947	0.941622546	0.93763053	0.01175641	0.008955063	0.046621044	0.053414407	0.700560269	0.579524349	0.225194399	0.34190692	0.015867878	0.016199262
0.058377454	0.080352808	0.941622546	0.919647192	0.01175641	0.034375265	0.046621044	0.045977543	0.700560269	0.52668023	0.225194399	0.371546482	0.015867878	0.02142048
0.058377454	0.095654251	0.941622546	0.904345749	0.01175641	0.002820614	0.046621044	0.092833638	0.700560269	0.632387734	0.225194399	0.257354018	0.015867878	0.014603997
0.182434563	0.40708767	0.817565437	0.59291233	0	0	0.182434563	0.40708767	0.099574267	0.206880434	0.629110916	0.344911475	0.088880254	0.041120422
0.182434563	0.474292697	0.817565437	0.525707303	0	0.004302383	0.182434563	0.469990314	0.099574267	0.264483939	0.629110916	0.239655134	0.088880254	0.02156823
0.05630796	0.061318651	0.94369204	0.938681349	0.012886922	0.03740695	0.043421038	0.023911701	0.448200176	0.478635381	0.486290922	0.446317451	0.009200942	0.013728517
0.111341043	0.079035639	0.888658957	0.920964361	0.007242848	0.034012984	0.104098194	0.045022655	0.228055048	0.562301346	0.657915737	0.3515047	0.002688172	0.007158315
0.189003391	0.212631406	0.810996609	0.787368594	0.010527096	0.008997868	0.178476295	0.203633539	0.468850211	0.4878231	0.311788958	0.291413547	0.030357439	0.008131947
0.189003391	0.20456544	0.810996609	0.79543456	0.010527096	0.005812996	0.178476295	0.198752444	0.468850211	0.535665071	0.311788958	0.249912999	0.030357439	0.00985649
0.120675085	0.133286843	0.879324915	0.866713157	0.007762249	0.008852393	0.112912836	0.124434451	0.431254566	0.468481042	0.434477873	0.390415785	0.013592476	0.00781633
0.084653684	0.070878513	0.915346316	0.929121487	0	0.007527477	0.084653684	0.063351036	0.525130929	0.50890315	0.389164269	0.41899019	0.001051118	0.001228148
0.084653684	0.091602124	0.915346316	0.908397876	0	0.001655971	0.084653684	0.089946153	0.525130929	0.515302058	0.389164269	0.369027071	0.001051118	0.024068747
0.084653684	0.040768607	0.915346316	0.959231393	0	0.015877407	0.084653684	0.0248912	0.525130929	0.471723095	0.389164269	0.487508298	0.001051118	0
0.184137346	0.078140444	0.815862654	0.921859556	0	0	0.184137346	0.078140444	0.448340341	0.62090433	0.357313565	0.292265988	0.010208748	0.008689238
0.184137346	0.224979715	0.815862654	0.775020285	0	0	0.184137346	0.224979715	0.448340341	0.138083647	0.357313565	0.636508815	0.010208748	0.000427823
0.184137346	0.088563104	0.815862654	0.911436896	0	0.000162278	0.184137346	0.088400826	0.448340341	0.487655824	0.357313565	0.420631408	0.010208748	0.003149664
0.190469868	0.233049347	0.809530132	0.766950653	0.004529026	0	0.185940842	0.233049347	0.155067493	0.007793022	0.652050601	0.745150107	0.002412038	0.014007524
0.190469868	0.442789703	0.809530132	0.557210297	0.004529026	0.000656487	0.185940842	0.442133215	0.155067493	0.016902707	0.652050601	0.538113152	0.002412038	0.002194438
0.190469868	0.119060264	0.809530132	0.880939736	0.004529026	0.001139633	0.185940842	0.117920631	0.155067493	0.023423324	0.652050601	0.854064321	0.002412038	0.003452091
0.011752952	0.04835604	0.988247048	0.95164396	0.001067212	0.002438692	0.01068574	0.045917348	0.564305177	0.352007266	0.411030881	0.594704814	0.01291099	0.00493188
0.028351499	0.046421435	0.971648502	0.953578565	0.006135332	0.035613079	0.022216167	0.010808356	0.530467757	0.391103542	0.423564941	0.558133515	0.017615804	0.004341508
0.032234332	0.019237057	0.967765668	0.980762943	0.001521344	0.000976385	0.030712988	0.018260672	0.441693915	0.441394187	0.520476839	0.534945504	0.005594914	0.004423252
0.019613987	0.036435059	0.980386013	0.963564941	0.00715713	0.00291099	0.012456857	0.033524069	0.552865577	0.445395095	0.419518619	0.515703906	0.008001817	0.00246594
0.02493188	0.097247956	0.97506812	0.902752044	0.008546776	0.004114441	0.016385104	0.093133515	0.535567666	0.520399637	0.415835604	0.363015441	0.02366485	0.019336966
0.040903724	0.02609446	0.959096276	0.97390554	0.003260672	0.017556767	0.037643052	0.008537693	0.514291553	0.363038147	0.436117166	0.605186194	0.008687557	0.005681199
0.033360581	0.042901907	0.966639419	0.957098093	0.00284287	0.00297911	0.030517711	0.039922797	0.389609446	0.370349682	0.571366939	0.582111717	0.005663034	0.004636694
0.047643051	0.09167575	0.952356948	0.90832425	0.012524977	0.0135604	0.035118074	0.07811535	0.59475931	0.267983651	0.347720254	0.587148047	0.009877384	0.053192552
0.052730233	0.077701802	0.947269768	0.922298198	0.004870615	0.002002708	0.047859618	0.075699094	0.555024452	0.54372805	0.378919269	0.374539929	0.013326047	0.004030219
0.052730233	0.069813123	0.947269768	0.930186877	0.004870615	0.006730634	0.047859618	0.063082489	0.555024452	0.49077645	0.378919269	0.436290748	0.013326047	0.003119679
0.052730233	0.061766554	0.947269768	0.938233447	0.004870615	0.005372825	0.047859618	0.056393729	0.555024452	0.573292858	0.378919269	0.358849253	0.013326047	0.006091336
0.183327341	0.131410421	0.81667266	0.868589578	0.004041027	0.005342374	0.179286314	0.126068047	0.310131676	0.374642557	0.50583038	0.485317032	0.000710604	0.008629989
0.131598774	0.108097464	0.868401226	0.891902536	0.029845379	0.004126642	0.101753395	0.103970822	0.480111642	0.448416979	0.348101916	0.434744268	0.040187668	0.008741289
0.110083731	0.159603431	0.889916269	0.840396569	0.015410695	0.003124946	0.094673036	0.156478485	0.477389086	0.417527097	0.401097584	0.405121488	0.011429599	0.017747984
0.104467389	0.121444838	0.895532611	0.878555162	0.020624647	0.010111128	0.083842742	0.11133371	0.219688019	0.28693858	0.652548758	0.583697197	0.023295834	0.007919385
0.078012362	0.09234431	0.921987637	0.907655691	0.017619561	0.009237856	0.060392801	0.083106454	0.289472783	0.327605692	0.612087122	0.557824352	0.020427732	0.022225647
0.143276656	0.158079485	0.856723345	0.841920515	0.036523347	0.000779096	0.106753309	0.157300389	0.343649938	0.435026797	0.502508519	0.396046301	0.010564888	0.010847417
0.174534683	0.175056934	0.825465317	0.824943066	0.030633037	0.025821476	0.143901646	0.149235458	0.51944316	0.525419085	0.294447013	0.297957227	0.011575144	0.001566754
0.693964074	0.684972557	0.306035926	0.315027444	0.039444708	0.027440481	0.654519366	0.657532076	0.144326144	0.154645166	0.160237358	0.159072016	0.001472424	0.001310262
0.115645857	0.077819164	0.884354143	0.922180836	0.001946673	0.022844614	0.113699184	0.05497455	0.173877503	0.141121149	0.71047664	0.771379694	0	0.009679993
0.470523397	0.40432682	0.529476604	0.595673181	0.023976864	0.000211233	0.446546533	0.404115587	0.192928688	0.442694411	0.313823087	0.140404646	0.022724829	0.012574124
0.565985344	0.429398255	0.434014656	0.570601745	0	0.010922666	0.565985344	0.418475589	0.084139859	0.360943405	0.344183028	0.202253664	0.005691769	0.007404676
0.437624819	0.454431284	0.56237518	0.545568715	0	0	0.437624819	0.454431284	0.200917135	0.376904937	0.335149937	0.157487633	0.026308108	0.011176145
0.336261092	0.249009788	0.663738909	0.750990212	0.000542273	0.001910675	0.335718819	0.247099113	0.396353881	0.40430445	0.265820527	0.345319361	0.001564501	0.001366401
0.536048934	0.63356846	0.463951066	0.366431539	0.492952008	0.533552164	0.043096926	0.100016296	0.115450874	0	0.343442632	0.352870994	0.00505756	0.013560545
0.550406816	0.595831733	0.449593184	0.404168267	0.523541805	0.526835912	0.026865011	0.068995821	0.085163716	0	0.337744876	0.384834305	0.026684592	0.019333962
0.362423192	0.160575074	0.637576808	0.839424925	0	0.012843647	0.362423192	0.147731427	0.10207692	0.628448266	0.509960018	0.193497977	0.02553987	0.017478682
0.268867423	0.118606187	0.731132577	0.881393813	0.000395098	0	0.268472325	0.118606187	0.423604477	0.598338228	0.288799255	0.256701931	0.018728845	0.026353654
0.37704773	0.145956433	0.62295227	0.854043567	0.008261685	0.024820437	0.368786045	0.121135996	0.389779335	0.601510809	0.189747491	0.242696576	0.043425444	0.009836182
0.087110356	0.151664721	0.912889644	0.848335279	0.003107714	0.010820979	0.084002642	0.140843742	0.545465803	0.626065881	0.358383753	0.198964488	0.009040088	0.02330491
0.099653257	0.162892592	0.900346743	0.837107408	0.00066636	0	0.098986897	0.162892592	0.457600632	0.541455849	0.427349067	0.292726651	0.015397044	0.002924908
